	FP_1	FP_2	FP_3	FP_4	FP_5	FP_6	FP_7	FP_8	FP_9	FP_10	FP_11	FP_12	FP_13	FP_14	FP_15	FP_16	FP_17	FP_18	FP_19	FP_20	FP_21	FP_22	FP_23	FP_24	FP_25	FP_27	FP_28	FP_29	FP_30	FP_31	FP_32	FP_33	FP_34	FP_35	FP_36	FP_37	FP_38	FP_39	FP_40	FP_41	FP_42	FP_43	FP_44	FP_45	FP_47	FP_48	FP_49
ASV1	0	0	1739	1489	2116	3841	1260	3332	3063	0	1081	0	1043	677	7341	0	1057	677	1290	582	0	1518	0	2097	0	0	2053	1665	1147	1023	7577	67	3115	0	0	0	4740	252	9465	4850	0	997	0	1935	3500	0	1504
ASV2	13863	375	0	0	0	0	0	0	0	0	0	0	0	0	0	0	0	0	0	0	0	0	0	0	40635	0	0	0	0	0	0	0	0	0	0	0	0	0	0	0	0	0	0	0	0	0	0
ASV3	0	0	695	1767	703	2433	4008	1823	1059	0	158	0	3156	0	0	1042	0	4469	2682	606	0	1028	0	364	0	469	0	93	824	3872	734	0	0	413	207	1840	0	5886	628	8523	0	1134	0	0	881	0	1429
ASV4	0	0	707	1600	1211	813	1693	864	891	0	1328	0	808	0	0	454	3462	470	97	437	0	3232	0	1178	30	0	1248	2049	4128	715	1313	0	0	0	124	0	136	7865	0	0	0	866	1724	3250	3465	2572	6292
ASV5	465	350	1138	86	0	41	0	541	135	0	0	0	1176	0	853	1883	0	0	354	7270	0	501	626	0	0	561	13	103	0	127	26	12819	930	1092	458	191	1799	256	1876	1528	744	505	0	0	0	0	0
ASV6	7	0	1157	0	2515	370	0	1479	0	0	1173	0	0	0	0	0	2929	4289	0	2379	0	321	0	957	23	2583	1825	2802	0	2483	4801	0	420	758	372	0	0	0	0	0	0	116	727	0	1565	787	0
ASV7	0	195	0	0	44	47	0	86	70	3387	132	1618	4955	39	232	0	169	0	953	0	1272	0	821	130	0	89	0	0	0	243	196	359	5441	0	0	0	0	0	2123	0	117	516	898	8543	1318	13124	570
ASV8	0	0	1871	544	4376	2485	0	885	1829	0	748	0	59	0	0	508	0	204	0	633	0	2714	0	2638	0	109	1140	398	685	4345	0	0	0	0	0	230	90	532	0	0	0	223	1396	2692	0	254	1623
ASV9	0	0	743	1228	2241	343	159	835	2254	0	1637	0	1069	362	0	269	1153	4577	143	184	0	633	0	1193	0	318	615	1537	1209	3722	389	0	0	292	794	0	84	0	0	378	98	576	0	1026	1418	0	970
ASV10	8881	0	0	0	0	0	0	0	17	0	0	0	0	684	473	0	0	0	0	0	0	0	236	0	0	0	0	14	396	0	0	423	0	0	44	11081	0	0	0	0	0	0	0	0	0	0	0
ASV11	0	0	227	434	1079	1311	979	1070	2391	0	871	0	993	142	0	702	0	0	1007	76	0	634	0	853	0	1075	392	525	5073	1482	2112	0	45	24	39	0	0	1893	0	0	0	213	0	0	2101	0	1992
ASV12	0	0	89	467	840	1388	1368	73	49	0	62	0	0	0	0	1056	590	0	1955	0	0	573	0	403	0	1931	408	438	3276	587	1296	0	0	807	0	2081	1666	0	0	275	0	365	0	1026	636	0	1451
ASV13	0	7909	0	0	0	0	0	0	0	0	0	3245	0	0	0	0	0	2359	0	0	0	0	0	0	0	0	0	0	0	0	1388	0	0	671	0	0	0	0	0	0	0	0	0	0	0	4671	0
ASV14	0	0	85	141	360	0	379	623	2096	0	1461	0	205	95	978	257	0	6495	596	14	0	0	0	353	0	815	107	0	598	0	933	0	2802	401	126	0	178	0	0	0	52	2086	0	0	991	0	1904
ASV15	0	0	0	141	770	1306	0	2307	1749	0	2799	0	0	0	0	0	0	0	1641	0	0	0	0	540	0	144	916	2076	1211	2307	0	0	0	64	224	0	1278	702	201	0	0	0	1409	1776	661	485	0
ASV16	0	0	561	2280	580	723	942	1365	413	0	725	0	40	0	0	379	0	0	2013	349	0	880	0	327	0	191	313	637	163	945	2349	0	0	30	335	0	1551	1917	0	0	0	0	471	3002	551	0	1153
ASV17	0	0	974	1309	0	0	0	0	0	0	10	0	0	0	0	52	0	0	0	5843	0	3734	0	379	0	0	7022	1148	0	0	0	0	0	0	0	0	0	0	0	0	0	0	0	0	0	0	0
ASV18	0	0	165	79	569	533	0	1212	138	0	354	0	155	2357	0	184	391	1372	0	112	0	244	0	1714	0	3465	165	316	2812	0	116	0	0	74	90	0	0	805	0	0	5	413	0	0	7006	0	766
ASV19	0	0	1176	0	806	308	368	267	309	0	2522	0	140	385	0	420	1050	1143	388	116	0	1432	0	866	15	654	928	713	553	0	601	0	203	0	278	0	405	0	0	0	448	178	0	0	0	0	525
ASV20	0	0	0	0	0	0	0	0	0	0	0	0	0	132	0	0	0	19	0	0	0	13	15978	0	0	0	0	0	0	102	0	0	913	0	0	0	0	0	0	0	243	0	0	0	0	0	0
ASV21	0	0	554	0	0	0	0	0	0	0	48	0	0	0	0	86	0	0	197	242	0	33	0	152	6	1841	131	1487	128	0	0	4723	0	1175	848	0	0	0	0	0	0	0	0	0	0	19199	0
ASV22	0	0	302	328	449	734	453	447	296	0	203	0	861	1599	1316	226	3222	1245	0	111	0	228	0	217	0	276	108	397	627	265	257	0	0	0	0	0	193	220	2086	0	110	376	0	0	682	0	0
ASV23	0	0	382	689	643	485	0	1402	130	0	1114	0	0	256	840	925	376	2941	0	53	0	836	0	128	0	65	131	420	610	79	1098	295	94	0	87	0	81	1577	0	0	0	1531	0	1377	1411	736	0
ASV24	0	0	0	719	0	0	283	4144	0	0	0	0	0	0	0	3573	0	0	0	1117	0	0	0	0	18	3370	0	1350	22	0	173	0	0	275	0	292	0	0	0	0	0	0	0	0	0	0	0
ASV25	0	0	0	0	0	0	0	0	0	0	0	0	1651	7308	0	0	0	216	0	0	0	0	0	0	0	0	0	0	0	0	0	0	1296	0	0	19	0	0	0	0	2722	0	0	0	0	0	0
ASV26	0	0	0	38	0	0	0	179	0	49	30	9074	195	22	0	0	0	39	0	0	0	0	0	0	0	0	0	0	0	0	0	0	0	0	0	407	0	0	0	0	0	0	0	0	0	0	0
ASV27	0	0	0	0	0	0	0	0	0	56	19	9665	0	65	0	0	41	85	0	0	0	0	0	0	0	0	0	0	0	0	0	0	0	0	0	219	50	0	0	924	0	168	0	0	0	0	0
ASV28	0	0	0	0	0	0	0	0	0	0	0	0	0	320	0	0	2768	1504	0	0	0	326	0	230	0	0	0	0	0	0	0	0	0	1822	0	0	0	646	0	0	4395	0	0	0	0	0	0
ASV29	0	0	359	1176	940	587	0	669	947	0	1211	0	0	1068	0	360	0	932	0	0	0	759	0	621	0	0	287	0	481	0	0	0	0	0	0	0	0	0	0	0	497	374	765	1149	0	0	0
ASV30	0	0	0	0	0	0	0	0	0	0	0	0	0	0	0	0	0	4572	0	0	0	0	390	0	0	0	0	0	0	0	0	0	0	1331	2874	0	0	0	0	0	0	0	0	0	0	0	0
ASV31	0	0	0	0	0	0	0	0	0	0	0	874	57	0	247	0	0	0	0	0	0	0	0	0	0	0	0	0	0	0	0	0	0	7201	0	0	239	0	0	156	0	608	0	0	0	0	0
ASV32	0	0	1672	0	0	0	0	0	0	0	0	0	0	0	0	339	0	0	0	0	0	0	0	0	17	2613	0	1250	0	0	0	0	0	0	2633	0	0	0	0	0	0	0	0	0	0	0	0
ASV33	0	0	214	304	0	0	255	294	217	0	260	0	0	517	0	222	1232	459	71	0	0	302	0	349	0	0	552	286	414	838	1091	0	0	0	281	0	0	0	0	0	0	119	0	0	572	0	0
ASV34	0	0	0	84	0	0	0	327	0	0	0	0	0	0	0	408	332	0	0	0	0	47	0	0	0	192	0	37	0	0	278	0	0	329	54	0	914	161	0	0	0	496	0	0	0	0	0
ASV35	0	0	0	97	485	0	74	0	105	0	91	0	1251	361	0	500	0	1089	0	283	0	127	0	216	22	578	0	1290	335	110	86	389	0	0	0	0	0	0	0	0	154	403	4271	202	0	196	1569
ASV36	0	0	228	0	0	0	0	0	0	0	0	0	0	116	0	324	247	0	427	0	0	519	0	925	0	0	0	756	1590	2131	1053	0	0	0	0	0	0	0	0	0	0	1136	0	0	0	0	1753
ASV37	0	0	0	115	0	165	83	310	382	0	0	0	0	345	93	0	880	752	265	29	0	205	0	135	0	894	0	106	0	0	125	0	0	385	0	0	0	0	1573	0	0	271	0	0	0	0	598
ASV38	0	0	0	0	0	19	0	116	0	0	0	0	40	0	3285	0	0	0	0	0	0	0	0	0	0	0	0	0	0	162	342	0	0	0	0	2979	244	83	0	563	0	250	0	0	680	0	0
ASV39	0	0	0	0	0	198	0	525	0	0	0	0	418	0	0	4346	0	74	0	145	0	0	0	0	0	1728	0	0	354	116	87	0	0	1801	0	0	0	0	32	445	0	0	0	0	0	0	0
ASV40	0	0	0	583	0	121	1708	201	424	0	0	0	1059	80	0	423	165	2043	0	0	0	0	0	0	0	0	0	0	0	0	0	0	0	0	0	190	0	523	1351	0	734	0	0	0	0	0	0
ASV41	0	0	0	0	417	55	0	0	370	0	0	0	0	0	0	0	0	0	0	0	0	0	0	0	0	0	0	0	0	0	0	0	0	0	0	0	0	0	0	0	0	0	14852	0	0	0	2203
ASV42	0	0	0	75	0	357	156	0	111	0	0	0	2894	0	0	0	239	388	184	0	0	0	0	0	0	0	0	0	63	214	143	0	0	0	0	0	1480	102	0	2041	0	139	0	0	0	0	0
ASV43	0	0	0	425	0	324	745	0	84	0	140	0	0	0	65	1231	0	0	282	0	0	1425	0	611	0	0	750	76	818	118	186	0	0	0	0	0	200	0	0	0	0	0	0	0	0	0	504
ASV44	0	0	0	0	705	0	0	0	0	0	0	0	0	0	0	0	0	0	0	1887	0	836	0	0	0	0	3740	1245	0	0	0	0	0	0	0	0	0	0	0	0	0	0	0	0	0	0	0
ASV46	0	0	0	0	0	0	0	0	0	0	0	0	0	0	0	0	0	0	0	0	0	0	167	0	0	0	0	0	0	0	0	74	6917	0	0	0	0	0	145	0	0	0	0	0	0	0	0
ASV47	0	0	466	0	278	86	237	573	446	0	939	0	0	203	0	404	0	632	0	64	0	252	0	445	0	74	200	199	0	0	0	0	0	35	122	0	0	0	0	0	79	0	0	0	0	0	1067
ASV49	0	0	0	0	353	0	2288	0	567	0	0	0	0	0	0	133	0	85	0	0	0	407	0	0	0	0	191	0	81	995	0	0	0	0	0	0	0	261	0	0	107	0	0	457	0	0	2289
ASV51	0	0	0	0	0	0	0	0	10	4912	0	0	0	0	0	0	0	0	0	0	0	0	0	202	0	0	0	0	0	0	0	123	0	0	0	0	0	0	0	0	0	0	25	117	0	472	0
ASV52	7	0	1839	0	0	226	442	352	0	0	148	0	0	0	0	0	1547	915	0	0	0	0	0	0	0	69	0	133	431	0	22	0	0	26	518	0	102	0	120	0	11	0	0	0	0	0	0
ASV53	0	0	368	0	0	0	0	43	0	0	41	0	378	0	0	200	0	2405	0	0	0	175	0	0	0	63	0	0	59	207	0	0	0	0	0	0	0	0	10	113	0	556	204	885	297	0	209
ASV54	0	0	0	0	0	0	0	0	0	0	0	0	0	2445	0	0	0	1663	0	135	0	0	0	0	0	0	0	0	0	0	0	0	0	0	0	0	0	0	0	0	0	2034	0	0	0	1405	0
ASV55	0	0	144	199	296	711	256	284	0	0	618	0	139	0	0	140	0	103	0	0	0	0	0	200	0	0	113	205	0	0	0	0	0	0	169	0	0	727	0	0	0	202	0	0	0	0	0
ASV56	0	0	0	0	48	0	0	0	0	0	0	0	0	0	0	0	0	7598	0	0	0	28	0	0	0	0	171	164	0	0	0	0	0	0	1481	0	0	0	0	0	0	0	0	0	0	0	0
ASV57	0	0	0	18	0	0	0	0	0	0	0	0	55	23	22	0	123	246	56	0	0	0	0	0	0	0	0	0	0	29	0	0	285	53	0	0	0	31	309	3308	973	110	0	0	0	0	0
ASV58	0	0	184	131	312	0	0	0	49	0	0	0	0	1089	0	271	0	1352	0	101	0	82	0	175	0	401	206	204	116	0	214	0	0	0	201	0	0	0	0	208	527	205	0	0	0	0	0
ASV59	0	0	64	577	80	0	0	0	0	0	0	0	0	0	0	0	0	0	0	0	0	0	0	0	0	0	0	0	0	0	0	0	0	0	0	0	3878	303	0	0	0	0	0	0	0	0	0
ASV60	0	0	0	0	260	0	321	956	693	0	106	0	0	0	0	0	0	1699	340	0	0	0	0	68	0	409	0	0	0	311	0	0	0	0	0	0	0	0	0	0	0	1066	0	0	0	517	0
ASV61	0	0	43	38	18	0	0	72	17	0	0	0	0	119	3	903	243	4896	0	0	0	0	0	0	0	96	0	18	0	0	0	0	0	21	7	0	0	0	29	799	0	0	0	0	0	782	0
ASV62	1358	161	0	0	25	27	0	0	2	0	0	0	821	0	0	0	0	0	0	0	0	0	0	0	0	0	0	0	94	140	0	0	37	0	0	0	0	0	0	0	0	0	0	0	0	0	0
ASV63	0	0	112	0	233	330	182	260	137	0	420	0	0	0	326	241	0	316	148	146	0	266	0	229	0	158	252	291	0	195	196	0	0	51	176	0	0	176	0	0	0	186	0	0	0	0	0
ASV64	0	0	565	327	157	349	234	82	226	0	224	0	97	55	0	0	0	0	0	0	0	99	0	184	0	74	105	233	387	131	0	0	0	0	0	0	415	0	0	0	0	206	0	0	0	0	0
ASV65	0	0	0	0	57	0	98	835	0	0	0	0	351	24	0	0	171	477	36	0	0	0	0	0	0	0	0	0	406	0	210	0	0	50	0	0	0	0	1468	0	229	0	0	0	0	0	0
ASV66	0	0	299	1365	0	0	0	0	0	0	0	0	0	0	0	311	0	34	836	32	0	0	0	216	0	0	257	684	87	0	0	0	0	0	0	0	0	0	0	0	0	0	0	0	0	0	0
ASV67	0	0	0	222	184	0	0	24	0	0	0	21	0	41	0	0	0	409	0	0	0	0	0	0	0	158	0	0	63	0	0	0	0	0	0	0	0	22	0	0	0	1571	0	0	0	0	0
ASV68	0	0	0	0	0	0	0	0	0	0	0	0	0	0	0	64	0	0	0	0	0	56	0	36	0	407	664	1070	0	0	0	0	5	0	927	0	0	0	0	0	0	246	0	0	0	0	0
ASV69	0	0	57	628	612	0	359	680	465	0	0	0	0	0	0	0	0	238	0	204	0	472	0	43	0	0	0	197	95	0	0	0	0	0	0	0	0	0	0	0	0	0	0	0	0	0	0
ASV70	3063	0	0	0	0	0	0	0	0	0	0	854	0	0	0	0	0	0	0	0	0	0	0	0	0	0	0	0	0	0	0	0	0	0	0	0	0	0	0	0	0	0	72	0	0	0	0
ASV71	0	0	0	0	0	0	0	0	0	0	0	0	0	0	0	0	0	0	0	0	0	0	0	227	0	0	0	0	0	0	0	0	0	0	0	0	0	0	0	0	0	0	941	0	0	92	3629
ASV73	1530	0	0	0	0	17	0	0	0	0	0	0	188	0	0	0	0	0	0	0	0	0	0	0	0	0	0	0	0	0	0	0	0	0	0	0	0	0	0	0	53	0	0	0	0	0	206
ASV77	0	0	422	0	0	419	0	806	0	0	0	0	0	0	0	0	0	43	218	0	0	0	0	0	0	0	155	0	380	0	0	0	0	0	0	0	0	0	848	0	0	0	0	0	0	0	0
ASV78	0	0	193	0	187	0	0	75	0	0	0	0	0	101	0	0	0	1751	518	169	0	41	0	36	0	528	113	19	0	0	25	0	0	0	236	0	0	0	0	0	0	761	0	0	0	519	0
ASV79	0	0	105	410	0	154	759	0	1561	0	0	0	0	0	0	0	0	0	0	0	0	375	0	0	0	0	0	65	0	0	0	0	0	50	0	0	0	0	0	0	0	294	0	0	0	0	0
ASV80	0	0	55	0	0	0	0	0	0	0	615	0	0	238	374	101	425	764	0	0	0	44	0	49	0	0	50	47	37	0	0	0	0	0	67	0	187	117	0	774	0	385	0	0	0	0	0
ASV81	0	0	0	0	0	0	0	0	0	0	0	0	0	1934	0	0	0	36	22	0	0	0	0	0	0	0	0	0	0	0	0	0	0	0	0	0	0	0	0	0	12	0	0	0	0	0	0
ASV82	0	0	0	0	0	0	0	0	0	22	13	3902	0	0	0	0	0	0	0	0	0	0	0	0	0	0	0	0	0	0	0	0	0	0	0	0	0	0	0	0	0	0	0	0	0	0	0
ASV83	0	0	0	0	0	0	0	0	0	0	0	0	0	0	0	0	0	0	0	0	5328	0	38	0	0	0	0	27	0	0	0	0	0	0	0	0	0	0	0	0	0	0	0	153	0	0	0
ASV84	0	0	0	0	0	0	0	0	0	0	0	0	0	0	43	0	0	0	76	0	0	0	0	0	0	0	0	0	0	0	0	1394	0	0	0	0	0	0	0	0	0	0	383	1800	1757	2442	0
ASV86	0	0	89	54	0	146	0	0	348	0	0	0	153	0	0	866	0	325	0	0	0	0	0	57	0	107	0	348	85	438	0	20	0	0	0	0	0	0	0	0	0	0	0	0	0	0	0
ASV87	0	0	0	0	0	1172	0	422	246	0	220	0	0	0	0	0	421	0	0	0	0	0	0	0	0	236	0	0	0	0	0	0	0	0	0	0	0	0	0	0	0	0	0	0	0	0	0
ASV88	0	0	0	675	389	0	0	0	0	0	0	0	0	0	0	0	0	0	0	0	0	27	0	0	0	0	298	183	95	0	0	0	0	1117	0	0	0	0	0	0	0	0	0	0	0	0	0
ASV89	0	0	0	0	0	0	0	0	0	60	0	0	0	0	0	0	0	0	0	0	3931	0	0	0	0	0	0	0	0	0	0	33	0	0	0	0	0	0	0	0	0	5	0	52	0	0	0
ASV90	0	0	0	0	134	0	0	0	24	0	69	0	239	19	0	0	0	1172	0	33	0	220	0	133	0	144	0	30	388	0	11	25	0	0	0	0	0	19	0	0	0	688	0	0	0	0	0
ASV91	0	0	0	118	579	0	0	0	0	0	0	0	0	0	0	0	0	1584	0	0	0	0	0	98	10	102	42	300	44	0	0	0	0	0	0	0	0	0	0	0	0	192	0	0	0	0	0
ASV92	0	0	183	361	263	0	0	30	157	0	406	0	0	0	0	169	0	40	58	33	0	0	0	144	0	42	124	178	217	0	252	0	0	0	0	0	0	0	0	0	0	0	0	245	0	0	0
ASV95	0	0	72	0	0	0	0	0	0	0	736	0	43	16	0	0	0	481	17	167	0	0	0	189	0	0	0	0	0	0	300	0	0	32	0	0	0	0	0	0	0	0	0	0	0	0	0
ASV98	0	0	81	0	158	223	0	292	0	0	391	0	0	0	0	87	0	0	0	0	0	0	0	108	0	0	64	0	0	0	0	0	0	0	0	0	0	0	0	0	421	0	0	0	0	0	0
ASV99	0	0	0	0	0	0	0	0	0	0	0	0	0	1240	0	0	0	0	0	0	0	0	0	491	0	0	0	0	0	0	0	0	0	964	0	0	0	0	0	0	8	106	0	0	0	0	0
ASV100	0	0	314	0	0	0	1705	0	0	0	236	0	0	0	0	0	0	0	0	54	0	82	0	0	0	0	32	0	0	0	0	0	0	0	119	0	0	0	0	0	0	34	0	0	0	0	0
ASV101	2919	112	0	0	3	0	0	0	0	0	0	0	0	0	0	0	0	0	0	0	0	0	0	0	0	0	0	0	0	0	0	0	0	0	0	0	0	0	0	0	0	0	0	0	0	0	0
ASV102	0	12	0	0	0	0	0	0	0	0	0	0	0	0	0	0	0	0	0	0	876	0	0	0	1288	0	0	0	0	0	0	0	0	0	0	0	0	0	0	0	0	0	0	0	0	0	45
ASV103	0	0	138	0	178	0	43	0	71	0	0	0	0	0	0	178	169	0	129	0	0	0	0	170	0	205	105	372	130	0	0	15	0	0	61	0	175	0	0	0	0	0	0	0	0	0	0
ASV104	0	0	0	0	0	0	0	434	0	0	0	0	0	30	0	0	0	618	393	19	0	0	0	0	0	44	0	18	0	0	256	0	0	0	0	0	0	0	620	0	167	0	0	0	0	808	0
ASV105	0	0	0	147	134	41	0	147	0	0	0	0	0	341	0	0	0	16	0	0	0	0	0	0	0	168	0	31	0	0	0	0	0	0	33	0	0	200	0	0	184	472	0	0	0	0	0
ASV106	0	0	0	0	0	92	0	0	43	0	0	0	0	0	0	0	0	0	0	0	0	0	0	0	0	0	0	0	0	0	0	0	51	0	0	0	0	0	0	0	0	750	0	0	2161	2052	0
ASV107	0	0	109	223	0	422	204	150	60	0	449	0	0	0	0	0	0	0	0	0	0	169	0	161	0	0	0	0	105	162	0	0	0	0	0	0	0	0	0	0	0	13	0	0	0	0	0
ASV108	0	0	109	112	165	289	204	58	97	0	0	0	0	0	0	19	0	0	169	32	0	125	0	76	0	26	121	34	104	0	289	0	0	0	0	0	57	346	0	0	0	0	0	0	0	0	0
ASV109	0	0	621	0	0	0	0	0	0	0	0	0	0	0	0	0	0	0	0	452	0	0	0	0	0	0	1052	0	0	0	0	0	0	0	0	0	0	0	0	0	0	0	0	0	0	0	0
ASV110	0	0	0	0	0	0	0	0	0	0	0	0	0	0	0	0	0	0	0	0	0	23	0	0	0	367	54	0	0	0	0	0	0	0	0	0	0	0	0	0	0	0	0	0	0	5720	0
ASV111	0	0	0	0	17	0	0	0	0	1466	0	0	0	0	0	0	0	0	0	0	0	0	0	0	0	0	0	0	0	445	0	0	0	0	0	0	0	0	0	0	0	0	0	0	0	0	0
ASV112	0	0	354	454	0	0	0	0	0	0	0	0	0	27	0	0	0	0	0	0	0	189	0	52	0	64	326	0	97	0	0	0	0	0	161	0	0	0	0	0	0	113	0	0	0	0	0
ASV113	0	0	0	0	0	0	0	0	0	0	0	0	0	146	0	134	0	1171	0	0	0	0	0	0	0	0	0	0	0	0	0	0	0	0	0	0	57	0	0	0	0	464	651	127	0	0	0
ASV115	0	0	0	0	1021	175	630	0	0	0	0	0	0	0	0	48	0	0	0	0	0	0	0	0	0	0	0	0	0	0	94	0	0	0	0	0	0	0	0	0	0	205	0	0	0	0	0
ASV116	0	0	149	109	0	0	0	0	0	0	776	0	0	0	0	0	0	174	0	0	0	584	0	390	0	0	0	0	0	0	0	0	0	0	0	0	0	0	0	0	0	0	0	0	0	0	0
ASV117	0	0	81	0	0	0	0	0	1125	0	0	0	0	0	0	72	0	0	0	0	0	257	0	0	0	475	0	0	0	0	0	0	0	0	0	0	0	0	0	0	0	0	0	0	0	0	0
ASV118	0	0	139	111	279	133	28	385	0	0	0	0	123	0	0	274	0	0	244	0	0	0	0	78	0	0	0	250	0	0	0	0	0	0	0	0	0	0	0	0	0	0	0	0	0	0	0
ASV119	0	0	358	0	0	0	0	47	501	0	0	0	0	0	816	0	0	0	0	0	0	0	0	0	0	0	0	0	0	213	0	0	0	0	0	0	0	0	0	0	0	18	0	0	0	0	0
ASV120	0	0	0	0	0	0	0	28	0	0	0	0	0	0	0	0	63	3801	0	0	0	0	0	0	0	0	0	0	0	0	0	0	0	0	0	0	27	0	0	0	0	12	0	0	0	0	0
ASV121	0	0	0	0	0	0	0	0	144	0	0	0	0	0	0	421	0	557	0	140	0	0	0	0	0	0	0	0	0	0	477	0	0	0	0	312	0	74	75	0	0	73	0	0	0	0	0
ASV122	0	0	43	229	661	0	0	0	0	0	505	0	0	0	0	0	0	0	0	0	0	0	0	95	0	0	0	0	0	182	0	0	0	0	0	0	0	0	0	0	0	0	0	0	0	0	0
ASV124	0	0	0	452	117	0	0	0	180	0	0	0	0	0	0	0	0	0	0	34	0	0	0	0	0	0	0	0	171	0	211	0	0	0	0	0	0	0	0	0	0	0	0	0	0	0	0
ASV125	0	0	0	0	0	84	0	0	0	0	0	0	35	38	0	0	151	68	0	0	0	0	0	0	0	0	0	0	0	0	0	0	114	99	0	0	42	0	0	857	296	82	0	0	0	0	0
ASV126	0	0	0	73	18	0	0	22	323	0	60	0	0	0	0	0	0	0	0	0	0	195	0	164	0	0	147	36	68	0	0	0	0	0	0	0	0	521	0	0	0	0	0	0	0	0	0
ASV129	0	0	98	0	287	0	0	81	0	0	0	0	0	0	0	187	0	0	0	0	0	97	0	26	0	42	0	0	642	0	0	0	0	0	0	0	0	0	0	0	0	0	0	0	0	0	0
ASV130	0	0	0	125	0	0	0	163	50	0	78	0	0	0	0	0	0	0	0	32	0	0	0	0	0	0	0	105	296	0	119	0	0	0	0	0	0	260	0	0	0	22	0	0	0	0	0
ASV131	0	0	235	0	0	0	0	0	0	0	0	0	0	0	0	0	0	0	883	0	0	0	0	0	0	0	0	0	0	0	0	0	0	5	0	0	0	0	0	0	0	0	0	0	0	0	0
ASV132	0	0	0	0	0	0	0	0	0	0	0	0	0	0	0	0	0	0	0	0	0	0	0	0	0	0	0	0	0	0	7	0	0	8	0	468	0	0	0	0	0	715	0	0	0	0	0
ASV133	0	0	0	0	0	0	0	0	0	0	0	0	269	17	0	0	0	129	0	0	0	0	0	0	0	0	0	0	0	23	0	0	0	402	0	289	0	0	0	84	0	47	0	0	22	992	0
ASV134	0	0	0	0	0	0	0	525	0	0	0	0	0	406	0	0	0	0	0	0	0	0	0	0	0	0	0	0	0	0	0	0	0	0	0	0	0	0	0	0	0	251	0	0	0	0	0
ASV135	0	0	0	0	0	0	0	0	0	0	0	0	1697	0	0	0	0	0	0	0	0	0	0	0	0	0	0	0	0	0	0	0	0	0	0	0	0	0	0	0	0	0	0	295	105	0	216
ASV136	0	0	0	0	0	0	0	0	0	0	0	0	0	0	0	0	0	0	0	826	0	0	0	384	0	0	129	133	0	0	0	0	0	0	0	0	0	0	0	0	0	0	0	0	0	0	0
ASV137	0	0	287	173	0	0	0	0	125	0	0	0	0	0	0	0	0	0	109	93	0	0	0	208	0	0	164	0	102	0	0	0	0	145	99	0	0	0	0	0	0	0	0	0	0	0	0
ASV138	0	0	0	0	141	375	510	0	0	0	233	0	0	0	0	0	0	0	0	0	0	0	0	0	0	0	0	0	0	0	266	0	0	0	0	0	0	0	0	0	0	0	0	0	0	0	0
ASV140	0	0	296	0	0	0	0	0	0	0	0	0	0	0	0	0	0	0	0	0	0	0	0	0	0	0	0	0	0	0	0	0	0	469	731	0	0	0	0	0	0	0	0	0	0	0	0
ASV144	0	0	0	0	0	0	0	0	126	0	0	0	0	77	0	0	0	0	203	0	0	76	0	0	0	0	0	0	0	0	0	0	0	16	187	0	0	401	0	0	0	0	0	0	0	0	0
ASV145	0	0	0	0	69	133	0	59	0	0	79	0	305	224	0	103	406	63	176	0	0	0	0	0	0	0	0	0	0	0	0	0	0	0	0	0	0	0	0	0	0	0	0	0	0	0	0
ASV146	0	0	0	0	0	0	0	0	0	0	0	0	0	0	0	0	0	398	0	0	0	0	0	0	0	0	0	0	0	0	0	0	718	25	118	340	0	0	56	0	0	226	0	0	0	0	0
ASV147	0	0	0	0	0	0	0	0	276	0	1029	0	0	0	0	0	0	126	0	0	0	0	0	0	0	0	86	0	0	0	0	0	0	0	52	0	0	0	0	0	0	0	0	0	0	0	0
ASV148	0	0	0	0	0	0	0	221	0	0	0	0	0	0	72	0	0	0	0	0	0	0	0	0	0	0	0	0	0	0	92	44	0	0	0	0	0	104	103	0	0	503	0	0	0	0	0
ASV149	0	0	78	62	0	0	0	0	0	0	0	0	0	288	0	45	0	0	0	0	0	0	0	0	0	12	0	41	574	0	257	0	0	0	0	0	0	0	0	0	53	88	0	0	0	0	0
ASV150	0	0	0	0	21	0	51	195	52	0	0	0	0	24	0	0	0	0	0	0	0	67	0	19	0	31	0	0	0	0	39	0	0	0	84	0	0	0	499	432	0	21	0	0	0	0	0
ASV151	0	0	131	0	68	0	0	0	32	0	0	0	0	0	0	50	0	927	0	0	0	0	0	24	0	0	0	111	0	0	0	0	0	0	0	0	0	0	0	0	107	201	0	0	0	0	0
ASV152	0	0	0	0	0	0	0	0	0	0	0	0	0	0	0	269	0	0	0	0	0	0	0	0	0	0	0	1429	0	0	0	0	0	0	0	0	0	0	0	0	0	0	0	0	170	0	0
ASV154	0	0	113	0	0	284	0	0	0	0	199	0	0	0	0	0	452	0	67	0	0	0	0	0	0	0	0	0	0	0	0	13	0	0	0	0	253	0	0	0	0	0	0	0	0	0	0
ASV156	0	0	543	257	0	0	0	0	0	0	0	0	256	0	0	0	0	0	0	0	0	0	0	0	0	24	0	48	0	66	0	0	34	0	0	0	0	0	0	0	0	0	0	0	0	0	0
ASV157	0	0	0	0	0	0	0	0	0	0	0	0	0	0	0	0	0	0	49	0	0	0	0	0	0	0	0	0	0	0	0	0	0	0	0	881	0	0	0	0	0	0	0	0	0	0	258
ASV158	0	0	0	0	0	0	0	0	80	0	0	0	0	0	0	0	0	0	40	0	0	144	0	0	0	0	69	0	0	0	44	0	0	0	0	0	0	0	0	831	67	35	0	0	0	0	0
ASV159	0	0	0	0	0	0	0	0	0	0	0	0	0	0	0	0	0	0	0	0	0	114	0	0	0	0	0	0	0	0	0	0	1114	0	20	0	0	0	0	0	0	0	0	0	0	0	0
ASV161	0	0	0	0	0	0	0	44	0	0	0	0	0	0	0	0	345	0	0	0	0	0	0	0	0	0	0	0	182	42	0	0	41	0	0	26	35	78	116	0	0	154	0	0	0	529	0
ASV162	0	0	113	0	0	0	0	0	0	0	0	0	0	425	0	0	0	0	0	0	0	0	0	0	0	0	0	0	0	0	0	0	0	0	0	0	0	0	0	0	546	0	0	0	0	0	0
ASV164	0	0	52	0	76	0	0	0	0	0	28	0	0	0	0	0	245	271	0	0	0	0	0	0	0	0	0	0	0	0	0	0	0	0	0	228	0	141	0	0	237	0	0	0	0	0	0
ASV165	0	0	15	0	50	0	0	0	0	0	0	0	0	192	0	0	0	85	0	22	0	0	0	44	6	364	38	228	85	0	0	0	0	0	31	0	0	0	0	0	70	49	0	0	0	0	0
ASV166	117	0	0	0	0	0	0	0	0	0	0	986	0	0	0	0	0	5	0	0	0	0	0	0	0	0	0	0	0	0	0	0	0	0	0	0	0	0	0	0	0	0	0	0	0	0	0
ASV168	0	0	84	177	88	0	0	0	0	0	0	0	0	122	0	0	0	0	0	0	0	0	0	36	0	0	0	0	0	0	0	0	0	0	0	0	0	0	0	0	543	0	0	0	0	0	0
ASV169	0	0	100	120	0	88	229	134	0	0	0	0	149	0	0	0	0	0	0	0	0	43	0	0	0	0	68	0	153	0	64	0	0	0	0	0	0	0	0	0	7	0	0	0	0	0	0
ASV171	0	0	0	0	0	0	0	0	0	0	0	0	0	421	122	0	0	0	0	0	0	0	0	0	0	0	0	0	0	0	0	0	0	0	0	0	0	0	0	0	392	0	0	0	0	0	0
ASV172	0	0	0	0	0	0	0	0	0	0	0	0	0	0	0	0	0	0	0	29	0	45	0	0	0	0	290	733	0	0	0	0	0	0	0	0	0	0	0	0	0	0	0	0	0	0	0
ASV173	0	0	0	0	102	76	53	0	0	0	0	0	0	0	0	0	0	0	54	133	0	0	0	0	0	0	0	0	243	0	204	0	0	0	0	0	0	0	0	0	0	0	0	0	0	0	0
ASV174	0	0	35	0	0	0	49	0	0	0	0	0	408	0	0	0	0	0	0	0	0	0	0	0	0	0	0	0	0	0	0	0	0	0	0	0	0	0	0	0	0	0	0	0	0	0	0
ASV179	0	0	0	54	138	0	0	0	113	0	74	0	0	0	0	0	0	0	0	0	0	101	0	0	0	70	84	46	175	0	117	0	0	0	0	0	0	0	0	0	0	0	0	0	0	0	0
ASV182	0	0	0	0	287	0	0	0	0	0	0	0	0	0	0	0	0	173	258	67	0	0	0	60	0	68	114	0	83	0	0	0	0	0	0	0	0	0	0	0	0	0	0	0	0	0	0
ASV183	0	0	0	122	70	76	0	50	39	0	0	0	0	10	164	0	0	64	0	14	0	0	0	58	0	0	50	0	0	0	41	0	0	0	54	0	44	119	0	0	0	0	0	0	0	0	0
ASV185	0	0	42	0	0	117	0	0	0	0	0	0	0	0	0	0	0	0	0	0	0	45	0	0	0	0	38	27	89	189	51	0	0	0	0	0	57	218	0	0	0	30	0	0	0	0	0
ASV186	0	0	0	0	0	111	0	0	0	0	0	0	0	0	0	0	0	0	0	0	0	0	0	290	0	0	326	0	0	0	0	0	0	0	0	0	0	0	0	0	0	0	0	0	0	0	0
ASV187	0	0	0	0	0	0	0	0	0	0	0	0	0	0	42	0	0	0	0	0	0	0	0	0	0	0	0	0	0	0	0	0	0	0	0	0	0	81	0	0	0	0	0	395	1237	0	0
ASV191	0	0	0	0	222	0	0	0	0	0	0	0	0	0	0	126	0	600	0	0	0	0	0	0	0	0	0	0	0	0	0	0	0	63	0	0	0	0	0	0	168	0	0	0	0	0	0
ASV193	0	0	0	12	0	0	70	226	0	0	9	0	0	0	0	35	0	165	0	37	0	0	0	0	0	98	57	20	0	0	0	0	43	0	8	0	0	191	0	0	0	0	0	0	0	0	0
ASV198	0	0	0	0	54	0	67	143	0	0	0	0	0	0	0	0	0	0	0	0	0	273	0	0	0	0	0	0	251	0	0	0	0	0	64	0	0	0	0	0	0	26	0	0	0	0	0
ASV199	0	0	302	0	33	0	0	0	0	0	24	0	0	0	0	0	0	0	0	0	0	0	0	0	0	0	0	0	0	0	0	0	0	0	0	0	0	71	0	0	0	0	0	0	0	0	0
ASV200	0	0	0	0	0	0	0	0	0	0	87	0	0	0	0	0	0	0	0	0	0	0	0	0	0	0	151	268	0	0	0	0	0	269	138	0	0	0	0	0	0	0	0	0	0	0	0
ASV202	0	0	0	0	110	0	60	0	0	0	73	0	0	108	0	16	0	40	0	25	0	0	0	0	0	0	0	0	120	0	0	0	0	0	44	0	0	0	0	0	219	18	0	0	0	0	0
ASV205	0	0	262	0	0	0	0	0	0	0	0	0	0	0	0	0	0	107	0	67	0	52	0	245	0	0	0	0	26	0	0	0	0	0	61	0	0	0	0	0	0	0	0	0	0	0	0
ASV207	0	0	0	0	0	0	0	0	0	0	0	0	0	154	0	0	0	0	170	0	0	0	0	10	0	0	0	0	0	0	0	0	0	0	0	0	0	0	0	0	413	0	0	0	0	0	0
ASV209	0	0	0	555	0	0	0	0	0	0	23	0	0	25	0	0	0	28	0	0	0	0	0	0	0	9	91	0	0	0	0	0	0	0	0	0	38	0	0	0	0	11	0	0	0	0	0
ASV210	0	0	0	0	0	0	117	0	0	0	0	0	0	0	0	0	0	0	42	45	0	0	0	0	0	0	0	34	0	0	0	0	0	0	0	0	0	146	414	0	0	0	0	0	0	0	0
ASV211	0	0	0	0	0	0	0	0	0	0	0	0	0	0	751	0	0	0	0	0	0	0	0	0	0	0	0	41	0	0	0	3	0	0	0	0	0	0	0	0	0	0	0	0	0	35	66
ASV213	0	0	0	0	0	0	0	0	0	0	0	0	0	16	0	0	0	0	0	0	0	0	0	0	0	0	0	0	0	0	0	0	223	15	0	0	0	0	0	0	0	124	0	0	0	870	0
ASV217	0	0	0	183	0	0	0	0	0	0	0	0	0	0	0	0	0	265	0	0	0	0	0	0	0	0	0	0	0	0	0	0	0	0	0	0	0	0	0	502	0	0	0	0	0	0	0
ASV223	0	0	128	308	0	0	0	0	0	0	0	0	0	0	0	0	0	136	0	0	0	0	0	0	0	104	61	72	0	0	0	0	0	0	0	0	0	0	0	0	0	0	0	0	0	0	0
ASV225	0	0	0	51	79	0	0	0	26	0	0	0	0	0	0	64	0	117	0	0	0	86	0	36	0	45	58	100	0	0	61	0	0	0	0	0	0	0	0	0	0	0	0	0	0	0	0
ASV226	0	0	0	64	0	63	0	0	29	0	37	0	0	40	0	0	0	0	0	0	0	88	0	0	0	0	0	0	0	0	182	0	0	0	76	0	0	0	0	0	0	0	0	0	0	0	0
ASV228	0	0	32	18	33	0	0	0	54	0	0	0	0	0	0	18	0	0	27	79	0	0	0	17	0	115	0	11	15	0	0	0	12	4	0	0	0	0	0	0	0	157	0	38	0	0	30
ASV230	0	0	0	0	200	0	0	0	0	0	0	0	0	147	0	0	0	0	0	0	0	0	0	0	0	0	0	0	0	0	0	0	0	0	0	0	0	0	0	0	276	0	0	0	0	0	0
ASV231	0	0	0	0	0	0	0	0	0	0	0	0	0	0	0	0	0	0	0	0	0	0	0	0	0	0	0	0	0	0	0	0	0	35	0	0	0	80	451	96	0	0	0	0	0	0	0
ASV234	0	0	0	0	0	0	73	0	0	0	0	0	0	29	0	0	0	0	0	0	0	0	0	0	0	0	0	0	0	0	0	0	0	0	0	0	0	0	0	0	316	0	0	0	0	0	0
ASV236	0	0	0	43	0	0	0	0	105	0	0	0	0	0	0	0	118	0	0	0	0	0	0	10	0	28	0	0	0	78	30	0	0	0	0	0	0	0	80	0	0	0	0	0	0	0	0
ASV238	0	0	38	0	17	116	161	0	0	0	0	0	0	0	0	0	0	0	48	0	0	14	0	0	0	12	0	0	0	0	0	0	0	0	0	0	108	0	0	0	0	0	0	0	0	0	0
ASV239	0	0	0	395	0	0	0	144	0	0	0	0	89	0	0	0	0	0	0	0	0	0	0	0	0	0	0	0	0	51	0	0	0	0	0	0	0	0	0	0	0	0	0	0	0	0	0
ASV240	0	0	0	0	0	31	0	0	0	0	0	0	329	0	0	0	0	0	0	0	0	0	0	38	0	0	0	72	167	0	258	0	0	0	0	0	0	0	0	0	0	35	0	0	0	0	0
ASV241	0	0	0	39	0	0	0	58	0	0	0	0	0	434	0	0	0	300	0	0	0	0	0	0	0	0	0	0	0	0	0	0	0	0	0	0	0	0	0	0	0	0	0	0	0	0	0
ASV243	0	0	0	0	0	0	0	0	0	0	0	0	0	0	241	18	0	0	0	0	0	0	0	0	0	29	0	0	0	0	86	0	0	0	0	0	120	0	0	0	0	0	0	0	0	0	0
ASV246	0	0	0	214	0	90	0	0	0	0	0	0	0	0	0	44	0	0	0	0	0	78	0	0	0	0	36	0	0	0	0	0	0	0	0	70	0	0	0	0	0	0	0	0	0	0	0
ASV248	0	0	0	0	0	0	0	0	0	0	0	0	0	0	0	0	0	0	0	91	0	0	0	0	0	0	0	0	0	0	0	0	0	400	70	0	0	0	0	0	0	0	0	0	0	0	0
ASV249	0	0	191	254	0	0	0	0	0	0	77	0	0	0	0	0	0	0	0	0	0	0	0	23	0	0	0	0	0	0	0	0	0	0	0	0	0	0	0	0	0	0	0	0	0	0	0
ASV251	0	0	0	0	0	182	247	0	0	0	0	0	0	0	0	0	0	0	0	0	0	0	0	70	0	0	0	0	0	0	0	0	0	0	0	0	0	0	0	0	0	0	0	0	0	0	0
ASV252	0	0	0	0	9	0	0	0	0	0	0	0	0	0	0	0	0	0	0	0	0	0	0	0	0	73	0	0	0	0	0	0	0	34	164	0	0	0	0	0	0	0	0	0	0	682	0
ASV254	0	0	0	65	0	0	0	0	15	0	0	0	0	0	0	36	0	660	0	0	0	0	0	11	0	37	0	0	0	0	17	0	0	14	0	0	0	0	0	0	0	92	0	0	0	0	0
ASV255	0	0	0	233	32	0	0	0	0	0	0	0	0	0	0	0	0	0	0	0	0	0	0	0	0	0	0	232	0	0	0	0	0	0	0	0	0	0	0	0	0	0	0	0	0	0	0
ASV258	0	0	0	0	0	0	0	0	0	0	0	0	0	122	0	0	0	20	0	0	0	0	0	0	0	0	0	0	0	0	0	0	0	0	19	0	0	0	227	0	0	193	0	0	0	0	0
ASV259	0	0	0	0	0	0	0	0	0	0	0	0	0	0	0	0	0	893	0	0	0	0	0	0	0	0	0	0	0	0	0	0	0	0	0	0	0	0	0	0	0	28	0	0	0	338	0
ASV265	0	0	103	47	68	0	0	0	0	0	0	0	0	0	0	0	0	0	0	0	0	0	0	32	0	0	76	84	0	0	68	0	0	0	0	0	0	0	0	0	0	0	0	0	0	0	0
ASV266	0	0	0	0	0	0	0	0	0	0	0	0	0	0	0	0	35	29	0	0	0	0	0	0	0	0	0	0	0	0	0	0	0	0	0	0	0	0	0	326	0	0	0	0	0	0	0
ASV267	0	0	0	0	0	0	0	0	0	38	0	0	0	0	0	0	0	0	0	0	0	0	0	0	0	0	35	4	0	0	17	409	0	0	0	0	0	0	0	0	0	0	0	0	0	0	0
ASV268	0	0	372	0	0	0	0	0	0	0	0	0	0	0	0	0	0	0	0	0	0	0	0	0	0	0	117	25	0	0	0	0	0	0	0	0	0	0	0	0	0	0	0	0	0	0	0
ASV269	0	0	64	0	0	0	0	0	0	0	0	0	0	355	159	0	0	0	0	0	0	0	0	0	0	0	0	0	0	0	0	0	0	0	0	0	0	0	0	0	0	0	0	0	0	0	0
ASV270	0	0	0	0	0	0	0	0	0	0	0	0	0	0	0	0	0	0	0	0	0	0	0	0	0	0	0	0	0	0	0	0	0	0	0	0	0	0	0	0	0	0	65	0	0	214	51
ASV271	0	0	0	0	0	0	0	0	0	0	0	0	0	0	0	0	0	0	0	0	0	0	0	0	0	0	0	0	0	0	0	0	0	0	0	0	0	0	0	0	0	0	24	992	387	0	0
ASV272	0	0	54	0	0	0	0	0	0	0	0	0	0	0	0	0	0	74	0	0	0	0	0	0	0	51	0	65	0	0	0	0	0	27	0	0	0	0	0	0	0	0	0	0	0	0	0
ASV273	0	0	0	0	0	0	0	0	0	0	0	0	0	0	0	67	0	0	0	0	0	0	0	29	0	45	0	0	0	0	0	0	0	0	0	0	0	0	0	0	0	364	0	0	0	0	0
ASV276	0	0	0	0	0	0	0	0	0	0	44	0	0	0	0	0	0	0	0	130	0	0	0	0	0	0	0	177	0	0	0	0	0	177	0	0	0	0	0	0	0	0	0	0	0	0	0
ASV280	0	0	24	91	51	17	43	0	94	0	0	0	0	0	0	0	0	0	0	0	0	0	0	0	0	110	0	0	0	0	0	0	0	0	0	0	0	0	27	0	0	33	0	0	0	0	0
ASV284	0	0	0	0	0	0	0	0	0	0	69	0	0	0	0	0	0	0	0	0	0	0	0	0	0	48	0	41	0	0	0	0	31	0	0	0	0	0	0	0	0	45	153	78	203	78	0
ASV287	0	0	0	0	0	0	23	0	0	0	70	0	0	0	0	0	0	121	0	31	0	0	0	70	0	0	43	0	0	0	0	0	0	0	0	0	38	0	0	0	0	0	0	0	0	0	0
ASV291	0	0	0	0	0	0	0	0	0	0	188	0	0	0	0	123	0	0	0	0	0	0	0	83	0	0	0	0	0	0	0	0	0	0	0	0	0	0	0	0	0	0	0	0	0	0	0
ASV292	0	0	0	0	0	0	62	0	0	0	0	0	167	0	215	0	0	0	0	0	0	0	0	0	0	0	0	0	0	0	0	0	0	0	0	0	0	0	0	0	0	0	0	0	0	0	0
ASV297	0	0	0	0	0	0	0	0	0	0	0	0	0	0	0	0	0	0	0	0	0	0	0	0	0	106	0	0	0	0	0	0	0	150	189	0	0	0	0	0	0	0	0	0	0	0	0
ASV298	0	0	0	0	0	0	0	0	7	0	0	0	0	0	0	0	152	157	0	0	0	0	0	0	0	68	0	0	0	0	0	0	0	10	0	0	0	0	37	0	0	0	0	0	0	0	0
ASV300	0	0	0	0	0	0	0	0	0	0	0	0	0	0	0	0	0	0	0	0	0	0	0	84	0	0	0	63	0	0	0	0	0	29	0	0	0	0	0	0	0	0	0	0	0	0	0
ASV301	0	0	171	0	0	0	0	0	0	0	0	0	0	0	0	0	0	0	0	40	0	0	0	37	0	0	0	0	0	0	0	0	0	58	84	0	0	0	0	0	0	0	0	0	0	0	0
ASV305	0	0	0	0	0	0	0	0	0	0	0	0	53	0	82	0	0	0	0	0	0	0	0	0	0	0	0	0	0	0	37	0	0	0	0	0	0	138	53	0	0	11	0	0	0	0	0
ASV309	0	0	210	0	32	0	0	0	0	0	0	0	0	0	0	0	0	0	0	0	0	0	0	0	0	17	0	0	0	0	96	0	0	0	9	0	0	0	0	0	0	0	0	0	0	0	0
ASV313	0	0	0	0	0	0	0	0	0	0	0	0	0	0	0	0	0	0	0	0	0	0	0	0	0	0	0	0	0	0	0	0	42	0	55	0	0	0	0	0	0	96	0	0	0	0	0
ASV314	0	0	0	0	0	265	0	0	0	0	0	0	0	0	0	0	0	0	0	0	0	0	0	62	0	0	37	0	0	0	0	0	0	0	0	0	0	0	0	0	0	0	0	0	0	0	0
ASV319	0	0	0	94	112	0	0	0	0	0	0	0	0	0	0	0	0	0	0	0	0	0	0	192	0	0	0	0	0	0	0	0	0	0	0	0	0	0	0	0	0	0	0	0	0	0	0
ASV326	0	0	0	0	0	0	0	0	0	12	0	0	0	22	0	0	0	0	0	0	0	0	55	0	0	0	0	0	0	0	0	0	0	0	0	0	0	0	0	0	207	0	0	0	0	0	0
ASV329	0	0	0	0	0	0	27	0	0	0	0	0	0	0	0	0	0	136	0	0	0	0	0	0	0	0	0	0	0	0	34	0	0	0	0	0	0	0	0	0	0	0	76	0	268	142	148
ASV330	0	0	0	0	51	0	0	0	53	0	0	0	0	0	0	0	0	0	0	0	0	0	0	0	0	0	35	0	0	0	25	0	0	0	0	0	0	0	0	0	0	0	0	0	0	0	0
ASV332	0	0	30	0	90	0	0	0	0	0	0	0	0	0	0	0	0	0	0	0	0	0	0	56	0	0	53	0	44	0	77	0	0	0	0	0	0	0	0	0	0	0	0	0	0	0	0
ASV340	0	0	78	58	0	0	0	0	0	0	0	0	0	0	0	0	0	0	0	59	0	0	0	0	0	0	16	39	0	0	0	0	0	0	0	0	0	0	0	0	0	0	0	0	0	0	0
ASV341	0	0	0	0	0	0	0	0	0	0	0	0	37	0	0	0	0	0	0	0	0	0	0	0	0	0	0	0	0	16	0	0	0	122	0	0	48	0	0	0	0	0	0	0	0	0	0
ASV342	0	0	170	0	36	0	0	0	0	0	0	0	0	0	0	0	0	0	0	90	0	0	0	0	0	0	0	0	0	0	0	0	0	0	0	0	0	0	0	0	0	0	0	0	0	0	0
ASV343	0	0	0	0	0	0	0	0	0	0	0	0	0	0	0	0	0	0	0	0	0	0	0	0	0	0	0	0	0	0	0	0	0	0	0	0	0	0	0	0	0	0	0	19	107	451	0
ASV346	0	0	0	92	49	0	0	23	35	0	0	0	0	0	0	4	22	47	0	0	0	27	0	0	0	12	0	0	6	0	0	0	0	0	0	0	7	27	0	0	0	0	0	0	0	0	0
ASV347	0	0	0	32	0	0	0	0	22	0	0	0	0	0	0	0	0	0	0	0	0	0	0	0	0	0	0	0	0	0	0	0	0	0	0	0	0	0	0	0	0	0	0	257	491	0	12
ASV349	0	0	0	0	0	0	0	0	0	0	0	0	0	0	0	0	46	0	0	0	0	0	0	0	0	0	0	0	0	0	0	0	0	0	0	0	76	0	137	0	66	0	0	0	0	0	0
ASV356	0	0	22	0	58	0	0	0	0	0	0	0	0	0	0	0	0	0	231	0	0	0	0	0	0	0	0	0	0	0	0	0	0	0	0	0	0	0	0	0	0	0	0	0	0	0	0
ASV359	0	0	0	0	0	73	0	0	0	0	0	0	0	12	14	0	0	0	90	0	0	0	0	0	0	0	0	0	0	0	0	0	0	0	0	0	51	0	0	0	0	0	0	0	0	0	0
ASV361	0	0	0	0	0	0	27	42	0	0	0	0	0	0	0	44	10	0	0	0	0	0	0	0	0	24	0	0	0	0	0	0	49	0	0	0	0	0	0	0	0	20	0	0	0	0	0
ASV366	0	0	0	0	0	0	0	0	0	0	0	0	0	0	0	0	0	0	0	0	0	0	0	0	0	49	0	0	408	0	0	0	0	0	0	0	0	0	0	0	0	15	0	0	0	0	0
ASV367	0	0	0	0	0	0	0	0	0	0	29	0	0	0	0	0	194	119	0	0	0	0	0	0	0	0	0	0	0	0	0	0	0	0	0	0	0	0	0	0	0	0	0	0	0	0	0
ASV368	0	0	60	0	0	0	55	0	0	0	0	0	0	0	0	10	0	0	80	0	0	11	0	0	0	26	55	0	0	0	0	0	0	0	0	0	0	0	0	0	0	0	0	0	0	0	0
ASV374	0	0	42	0	0	0	0	0	0	0	0	0	0	0	0	0	0	0	47	0	0	0	0	0	0	15	0	0	53	0	0	0	0	0	0	0	0	0	0	0	0	0	0	0	0	0	0
ASV380	0	0	0	0	0	0	0	0	0	0	0	0	0	0	0	0	0	0	0	51	0	0	0	0	0	74	31	0	0	0	0	0	0	0	0	0	0	0	0	0	0	0	0	0	0	0	0
ASV382	0	0	0	0	0	0	0	0	0	0	0	0	0	22	0	0	59	60	0	0	0	0	0	0	0	0	0	0	0	0	0	0	0	0	0	0	33	22	0	121	0	0	0	0	0	0	0
ASV383	0	0	0	0	0	0	0	0	14	0	0	0	0	0	0	0	12	0	0	0	0	0	0	0	0	0	0	0	0	0	0	0	0	0	0	0	0	0	0	0	0	0	353	92	194	0	0
ASV384	0	0	38	35	0	0	0	0	41	0	0	0	0	0	0	0	0	0	0	0	0	0	0	44	0	0	0	0	0	0	0	0	0	0	36	0	0	0	0	0	0	0	0	0	0	0	0
ASV396	0	0	0	0	0	0	0	43	61	0	0	0	0	0	0	0	0	0	0	0	0	63	0	0	0	0	0	0	0	0	12	0	0	0	0	0	0	13	0	0	0	0	0	0	0	0	0
ASV403	0	16	0	0	0	0	0	0	0	93	0	0	0	0	0	0	0	0	0	0	0	0	0	0	0	0	0	0	0	0	0	50	0	0	0	0	0	0	0	0	0	0	0	0	0	0	21
ASV404	0	0	20	0	63	0	0	0	0	0	148	0	0	0	0	0	0	0	0	0	0	0	0	0	0	0	0	0	0	0	0	0	0	0	0	0	0	0	0	0	0	0	0	0	0	0	0
ASV405	0	0	0	0	0	0	76	0	0	0	0	0	0	0	0	0	0	0	31	48	0	0	0	0	0	0	0	0	0	0	0	0	0	0	0	0	0	0	0	0	0	64	0	0	0	0	0
ASV417	0	0	51	0	0	0	0	0	0	0	13	0	0	0	0	0	0	0	0	0	0	0	0	26	0	0	28	42	0	0	0	0	0	0	0	0	0	0	0	0	0	0	0	0	0	0	0
ASV427	0	0	14	0	0	0	48	0	71	0	0	0	0	0	0	0	0	0	56	0	0	0	0	0	0	0	0	0	0	0	0	0	0	0	0	0	0	0	0	0	0	0	0	0	0	0	0
ASV433	0	0	0	0	28	0	0	0	0	0	0	0	0	0	0	10	0	122	0	41	0	0	0	0	0	0	0	23	0	0	0	0	10	0	0	0	0	0	0	0	0	0	0	0	0	0	0
ASV436	0	0	81	0	0	0	0	0	0	0	0	0	0	0	0	0	0	15	0	0	0	0	0	0	0	28	0	0	0	0	0	0	0	0	0	0	0	0	0	0	0	0	0	0	0	0	0
ASV437	0	0	0	0	13	0	0	0	0	0	30	0	0	0	0	0	38	93	0	5	0	0	0	0	0	0	0	0	0	0	27	0	0	0	0	0	0	0	0	0	0	24	0	0	0	0	0
ASV446	0	0	0	0	0	0	0	0	0	0	14	0	0	0	0	0	0	0	0	0	0	0	0	0	0	0	41	0	0	0	0	0	0	0	0	0	0	0	0	0	0	76	0	0	0	0	0
ASV447	0	0	63	46	0	0	0	0	0	0	10	0	0	0	0	0	0	0	26	0	0	0	0	0	0	0	0	0	0	0	0	0	0	0	0	0	0	0	0	0	0	0	0	0	0	0	0
ASV448	0	0	6	42	0	0	0	0	0	0	0	0	0	0	0	0	0	0	30	0	0	0	0	0	0	0	0	24	0	0	0	0	61	0	0	0	0	0	0	0	0	0	0	0	0	0	0
ASV453	0	0	0	0	0	0	0	34	0	0	0	0	0	0	0	0	0	154	0	0	0	0	0	0	0	0	0	0	0	0	0	0	0	0	21	0	0	0	0	0	0	0	0	0	0	0	0
ASV455	0	0	0	0	0	0	0	0	0	0	0	0	0	0	0	0	0	0	0	0	0	0	0	0	0	0	0	39	0	0	0	0	53	0	0	0	0	0	0	0	0	0	0	0	219	0	0
ASV457	0	0	58	39	0	0	0	0	0	0	0	0	0	0	0	0	0	0	0	0	0	0	0	18	0	0	0	0	0	0	0	0	0	0	0	0	0	0	0	0	0	0	0	0	0	0	0
ASV470	0	0	0	0	0	0	0	109	0	0	0	0	0	0	0	0	64	0	0	0	0	0	0	0	0	0	0	5	5	0	0	0	0	0	0	0	0	0	0	0	0	0	0	0	0	0	0
ASV475	0	0	0	90	0	0	0	0	0	0	0	0	0	0	0	0	0	13	0	0	0	0	0	0	0	0	0	0	0	0	0	0	0	0	0	0	51	0	0	0	0	0	0	0	0	0	0
ASV478	0	0	29	0	0	0	0	0	0	0	0	0	0	0	0	0	0	0	0	0	0	0	0	0	0	0	0	47	49	0	53	0	0	0	0	0	0	0	0	0	0	37	0	0	0	0	0
ASV480	0	0	0	0	0	0	0	0	0	0	0	0	16	13	0	0	0	0	0	0	0	0	0	0	0	0	0	0	0	0	0	0	0	0	0	64	0	0	0	0	0	0	0	0	0	0	0
ASV483	0	0	40	0	0	54	0	0	0	0	0	0	0	0	0	0	0	0	0	0	0	0	0	0	0	0	31	0	0	26	0	0	0	0	0	0	0	0	0	0	0	0	0	0	0	0	0
ASV484	0	0	0	0	0	0	0	0	0	0	0	0	0	0	0	0	0	0	0	0	0	0	0	0	0	0	0	0	0	0	0	0	0	0	0	0	0	0	0	0	0	11	0	26	236	42	7
ASV494	0	0	20	0	0	0	0	0	0	0	0	0	0	0	0	0	0	0	0	43	0	0	0	0	0	0	52	0	0	0	0	0	0	0	0	0	0	0	0	0	0	0	0	0	0	0	0
ASV517	0	0	0	0	40	0	0	0	0	0	44	0	0	0	0	0	0	0	0	36	0	0	0	0	0	0	9	0	0	0	0	0	0	0	0	0	0	0	0	0	0	0	0	0	0	0	0
ASV519	0	0	0	0	0	0	0	0	0	0	0	0	0	0	0	0	0	0	0	0	0	0	0	0	0	0	0	0	0	0	0	0	0	0	0	0	0	0	0	0	0	0	0	11	41	224	0
ASV520	0	0	0	0	0	0	0	0	0	0	0	0	0	0	18	0	0	0	0	0	0	0	0	0	0	0	0	0	0	0	0	0	0	0	0	0	0	20	0	0	0	14	0	0	0	0	0
ASV529	0	0	0	0	0	0	0	0	0	0	0	0	0	0	0	0	0	29	0	0	0	0	0	0	0	0	0	0	0	0	0	0	0	0	0	61	0	0	18	0	0	0	0	0	0	0	0
ASV530	0	0	0	0	0	0	0	0	0	0	0	0	0	0	0	0	114	0	0	0	0	0	0	0	0	0	0	0	0	0	0	0	0	0	0	0	0	0	0	0	0	0	0	31	53	0	0
ASV563	0	0	25	0	7	0	0	0	0	0	0	0	0	0	0	0	0	112	0	0	0	0	0	0	0	0	0	0	0	0	0	0	0	0	0	0	0	0	0	0	0	0	0	0	0	0	0
ASV564	0	0	0	0	0	0	14	0	15	0	43	0	0	0	0	0	0	0	0	0	0	0	0	6	0	0	0	0	0	0	0	0	0	0	0	0	0	0	0	0	0	8	0	0	0	0	0
ASV566	0	0	31	0	0	0	0	0	0	0	0	0	0	0	0	0	0	0	0	0	0	0	0	0	0	18	0	38	0	0	0	0	0	0	0	0	0	0	0	0	0	0	0	0	0	0	0
ASV585	0	0	0	0	21	0	0	39	0	0	0	0	0	0	0	0	0	0	0	0	0	0	0	0	0	15	0	0	0	0	0	0	0	0	0	0	0	0	0	0	0	9	0	0	0	0	0
ASV588	0	0	0	8	0	0	0	7	0	0	0	0	0	0	0	0	40	35	0	0	0	0	0	0	0	0	0	0	0	0	17	0	0	0	0	0	0	0	0	0	0	0	0	0	0	0	0
ASV629	0	0	0	0	0	0	0	0	0	0	0	0	0	0	0	0	0	0	0	0	0	0	0	0	0	44	0	11	0	0	0	0	0	21	0	0	0	0	0	0	0	0	0	0	0	0	0
ASV641	0	0	0	0	0	0	0	16	0	0	0	0	0	40	0	0	0	0	0	0	0	0	0	10	0	0	0	3	0	0	3	0	0	0	0	0	0	0	0	0	0	0	0	0	0	0	0
ASV649	0	0	22	0	0	0	0	0	0	0	0	0	0	0	0	0	0	0	24	0	0	0	0	0	0	11	0	0	0	0	0	0	0	10	0	0	0	0	0	0	0	0	0	0	0	0	0
ASV657	0	0	0	0	0	0	0	0	0	0	0	0	0	0	0	0	0	14	0	0	0	11	0	0	0	0	0	0	0	0	0	0	0	0	0	0	0	0	0	0	0	25	0	0	0	0	0
ASV660	0	0	0	0	0	0	0	0	0	0	0	0	0	0	0	0	0	60	0	0	0	0	0	0	0	7	0	5	0	0	0	0	0	0	0	0	0	0	0	0	0	0	0	0	0	0	0
ASV680	0	0	0	0	0	0	0	0	0	0	0	0	0	0	0	0	0	0	0	0	0	0	0	0	0	0	0	12	0	0	0	0	0	0	0	0	0	18	0	0	0	7	0	0	0	0	0
ASV700	0	0	0	0	0	0	0	7	0	0	0	0	0	0	0	0	0	33	0	0	0	0	0	0	0	0	0	0	0	0	0	0	0	0	0	0	0	0	26	0	0	0	0	0	0	0	0
ASV702	0	0	0	0	0	0	0	0	0	0	0	0	0	0	0	0	0	0	0	0	0	0	0	0	0	0	0	0	0	0	0	17	0	0	0	0	0	0	0	0	0	0	9	30	0	0	0
ASV958	0	4	0	0	0	0	0	0	0	0	0	0	0	0	0	0	0	0	0	0	0	0	0	0	0	0	0	0	0	0	0	0	0	0	0	0	0	0	0	0	0	0	9	0	16	0	0
